time,x-accel,y-accel,z-accel,x-gyro,y-gyro,z-gyro 
1,-0.31543607,9.623494,-0.4758476,-0.004276057,0.015271631,-0.082161374 
2,-0.11911154,9.753379,-0.5093664,-0.015271631,0.015577064,0.0106901415 
3,0.17896658,10.169372,-0.51116204,0.055588737,0.04917465,0.09193522 
4,-0.065242,9.837176,-0.86849666,0.10293079,0.050396383,0.038179077 
5,0.075417355,9.703699,-0.9475053,0.22968534,0.027794369,0.005192355 
6,0.0017956513,9.797672,-1.1474211,0.10140363,0.022602014,-0.070554934 
7,-0.35673606,9.672575,-1.0145429,0.1554652,0.0018325958,-0.09193522 
8,-0.34955344,9.615712,-1.1785458,0.10629055,0.0125227375,-0.01282817 
9,-0.002992752,9.602545,-1.0833763,-0.027794369,0.058643065,0.11636983 
10,0.25438392,9.77373,-1.2671312,-0.03145956,0.032070424,0.105068825 
11,-0.260968,9.7007065,-1.2126632,-0.077579886,0.025961773,0.013744468 
12,-0.06584055,9.727043,-1.3245921,-0.103847094,-0.016798794,0.008246681 
13,0.18495208,9.7563715,-1.2653356,-0.024740042,-0.062002823,-0.002443461 
14,0.19871874,9.631275,-0.7745243,-0.1255328,-0.002443461,-0.032986723 
15,0.022146367,9.838373,-0.88166475,-0.004581489,-0.015577064,-0.0106901415 
16,0.46088383,9.892841,-0.9660604,0.016493361,-0.030543262,-0.080634214 
17,0.2112883,9.713276,-0.97503865,0.102319926,-0.03726278,-0.12644911 
18,-0.6715736,9.528324,-0.93732995,0.14966199,0.00580322,-0.15393804 
19,-0.10474633,9.885659,-1.5053543,0.20647246,0.022602014,-0.04550946 
20,-0.37349546,9.725846,-1.6741456,0.20769419,0.025961773,-0.062308256 
21,-0.19871874,9.680955,-1.8261774,0.09193522,0.04520403,0.06658431 
22,0.17537527,9.796474,-1.6765398,-0.023518313,0.04062254,0.038179077 
23,-0.092775315,9.81922,-1.6011224,-0.11178834,-0.0061086523,-0.105374254 
24,0.26396075,9.98442,-1.4317327,-0.13622294,-0.011301007,0.095294975 
25,0.19692309,9.873089,-1.4927847,-0.062308256,0.0070249503,0.10262536 
26,0.050876785,9.639056,-1.1085154,-0.0580322,0.032375857,0.008246681 
27,-0.14963761,9.651626,-1.2773066,-0.022602014,-0.01985312,0.013133603 
28,-0.022744916,9.655217,-1.1791444,-0.06536258,-0.007941248,-0.030848695 
29,-0.049679685,9.883265,-1.292869,0.004886922,-0.051923547,-0.100792766 
30,-0.37349546,9.441534,-1.0546459,0.07727446,0.002443461,-0.12034045 
31,-0.4165911,9.988011,-1.8387469,-0.0036651916,0.038179077,0.04886922 
32,0.45489833,10.222044,-2.154183,0.23732115,-0.12186762,-0.02443461 
33,-0.39085343,9.546281,-1.7423803,0.23915374,-0.058948494,-0.23487769 
34,-0.15083471,10.366295,-2.556409,0.41325033,-0.01863139,-0.44532076 
35,3.9384618,16.019005,-2.2146366,0.09560041,-0.3408628,-2.0176878 
36,-2.244564,19.608511,-2.2559366,0.29993483,-0.9786061,-8.720407 
37,12.907142,10.256162,1.0378864,-0.20586158,-2.1762075,0.010995574 
38,3.5859156,2.939481,-1.0803835,0.43035457,-0.7104363,7.5557923 
39,-19.60911,13.6888485,3.819949,1.920255,-0.7877107,5.7696223 
40,14.600441,0.20829555,19.533693,-3.8545597,0.8686504,-1.135904 
41,5.207389,19.124884,-1.7764976,0.43004912,-0.07086037,-1.1798862 
42,-12.16434,19.608511,-9.620501,-0.675617,-1.2712106,-9.998642 
43,-3.888782,19.608511,-1.9195513,-1.4581354,0.5015204,-3.6254852 
44,5.3444567,-0.22804771,-2.393603,-0.97035944,-0.38240165,0.29016098 
45,7.638102,6.4547677,-4.2981906,2.2131648,-1.1010846,9.85234 
46,-19.60911,19.083584,2.1134815,1.8191566,3.2388074,9.370978 
47,-8.664018,-19.608511,19.519327,-6.3798766,1.38025,-8.916189 
48,8.727464,19.608511,0.3345897,0.26725355,-0.37384954,-1.2379184 
49,-13.378201,18.844164,-6.2584434,-1.044885,-1.6978999,-10.04293 
50,2.594716,19.608511,-6.1848216,-1.6936239,-0.09682214,-5.0607133 
51,6.413468,-4.168904,-1.3652935,-1.1123856,0.72418076,0.70921457 
52,9.991004,6.2620344,-6.005855,1.0906999,-1.2660183,9.959242 
53,-19.479824,19.608511,3.1453824,4.3346996,-0.41813725,9.718866 
54,-19.60911,19.0764,17.809868,-5.7619863,0.34788775,-9.270797 
55,3.448249,19.608511,-2.0189106,0.4615087,-0.9388999,-1.7385225 
56,-19.60911,-4.747103,-5.360019,-3.0433307,-1.4807373,-10.04293 
57,-9.98442,19.608511,-7.225102,0.5036584,-0.59498274,-8.072584 
58,3.6224272,-9.581595,0.86729956,-1.1844677,1.3707817,-0.20738874 
59,7.6829934,6.129156,-7.07726,0.36651915,-2.1114557,9.959242 
60,-19.60911,19.608511,1.2838906,3.897931,1.4993688,9.969321 
61,3.1741128,19.608511,-5.7921724,-1.6377298,-0.5137377,-3.169169 
62,10.40939,19.608511,0.87328506,0.03573562,-0.8017606,-1.42973 
63,-15.33965,9.664794,1.6687586,-2.6703975,-1.4138476,-10.04293 
64,-14.048577,19.608511,-10.246585,0.41325033,-1.9168952,-6.7234883 
65,18.235437,9.64145,1.6472107,-0.57451874,0.8313876,-3.0445523 
66,2.7659016,4.6399627,-12.684481,0.21685717,-1.78617,9.959242 
67,-6.180033,19.608511,-0.5781997,3.9370265,3.6383133,9.702373 
68,-19.315222,17.326239,11.365275,0.29352075,-2.6087,2.5396724 
69,-13.770849,9.287707,-3.5003228,0.22937989,-0.04062254,-2.4150558 
70,4.6501384,15.671845,-3.5685577,-0.59528816,-1.6936239,-9.981538 
71,-4.353257,19.608511,-12.932281,-0.24220806,-1.8206838,-3.0140092 
72,17.304691,19.608511,-1.258153,0.013744468,-2.4804184,-0.8848383 
73,-3.0226796,9.025542,-10.337564,1.2391402,0.84116143,9.973597 
74,-11.968615,19.608511,2.5462334,5.0784283,1.0421361,9.96199 
75,-19.60911,11.914146,4.6040497,0.9034697,2.4010057,-0.1459968 
76,-2.9287071,4.695628,15.54615,0.8374963,1.3390167,-1.1682798 
77,19.607914,16.581642,-3.2381577,0.121256754,-1.459357,-7.6181006 
78,-19.60911,4.8404775,-8.759187,2.1022928,-0.7504479,-7.758294 
79,15.450981,17.931973,-4.5280337,0.48075095,-4.6019535,0.713796 
80,2.2176294,6.55293,-11.323976,1.1942415,3.0662382,8.837082 
81,-19.60911,19.608511,15.516821,3.984674,0.5329799,7.095811 
82,-19.60911,-19.608511,2.8646624,-3.4278703,2.4181101,-10.04293 
83,0.65242,14.608222,-1.0366893,0.33078352,0.23335053,-0.9621128 
84,-2.7102363,7.089231,-2.955642,0.07544186,-1.131017,-4.4556513 
85,-2.5755625,9.734225,-1.4634558,-0.01740966,-0.462425,-4.480086 
86,-11.065402,10.263943,-9.798869,-0.9807441,-0.6151413,-0.020158553 
87,2.0608091,-0.41958386,0.5722142,0.5186246,-1.5723672,5.6831846 
88,-5.66528,12.78803,6.4302273,0.7696902,-1.9730947,6.4128633 
89,-10.328587,10.891224,-5.524022,0.23609942,2.3988678,-1.2052372 
90,7.240066,9.825804,0.7769185,0.25717425,-0.36071593,-0.36346483 
91,-0.36032736,9.48463,-1.1360487,0.01160644,0.007330383,6.1086525E-4 
92,-0.21667525,9.721656,-1.477821,0.021380283,0.038789943,0.011911872 
93,-0.34715924,9.61691,-1.4706384,-0.08399397,0.012217305,0.03023783 
94,-0.050876785,9.849746,-1.3317747,-0.16065755,-0.060170226,0.080634214 
95,0.15442601,9.798869,-0.85293436,-0.11178834,-0.13775012,0.04550946 
96,0.3429694,9.496002,-0.5722142,-0.10720685,-0.07269296,-0.0106901415 
97,0.3172317,9.61272,-0.43275195,-0.119729586,-0.079107046,-0.08674286 
98,0.15023616,9.73662,-0.3890578,-0.28099802,0.0030543262,-0.063224554 
99,0.13587095,9.894637,-0.5793968,0.0067195175,-0.045814894,0.010079277 
100,0.1352724,9.689334,-0.018555064,-0.09468412,-0.03145956,-0.03756821 
101,0.17417817,9.630676,0.28790274,-0.05497787,-0.010995574,-0.00580322 
102,0.11432313,9.8515415,-0.58418524,0.071776666,-0.050701816,-0.025961773 
103,-0.009576807,9.6845455,-0.2112883,-0.021380283,0.0021380284,-0.047647487 
104,0.10594343,9.643246,0.05267244,0.074830994,-0.0143553335,-0.03268129 
105,0.061650693,9.725846,-0.24480712,-0.0106901415,0.020463986,-0.011911872 
106,-0.051475335,9.710283,-0.38606504,0.032986723,-6.1086525E-4,-0.0070249503 
107,-0.018555064,9.701904,-0.2657564,0.028710667,0.004276057,-0.015271631 
108,0.09696517,9.727043,-0.33638534,-0.011301007,0.020158553,9.162979E-4 
109,0.011372458,9.70789,-0.30406362,0.005497787,0.01985312,-0.010995574 
110,-0.011372458,9.688736,-0.362123,-0.015577064,0.01985312,-0.008246681 
111,0.0035913025,9.67856,-0.22864626,-0.01038471,0.0030543262,-0.004581489 
112,0.05327099,9.74859,-0.30526072,0.0018325958,0.005192355,-0.009162978 
113,0.090979666,9.710283,-0.23163901,0.0018325958,0.002443461,-0.00580322 
114,0.037110128,9.700109,-0.20530279,0.010995574,6.1086525E-4,-0.00580322 










