time,x-accel,y-accel,z-accel,x-gyro,y-gyro,z-gyro 
00,0.00,0.00,0.00,0.00,0.00,0.0 
10,-1.46704710,2.66714070,8.6520460,0.049174650,0.075136420,-0.1337795 
20,-3.23995350,-0.90560680,4.57831240,1.12979530,6.8801750,-1.9031507 
30,-3.6840780,-2.7796680,-5.22414830,0.90774580,8.3572470,-2.5149322 
40,-7.17661950,-3.97377630,1.8824410,-1.98073050,-2.19453330,-2.364354 
50,-12.2385610,-7.66144560,-1.32578920,1.89856920,0.828333260,-3.6325102 
60,-11.5795560,-7.77457140,-3.64996050,0.019853120,1.29381260,-3.2971451 
70,-9.2434140,-8.0660660,-4.53521630,-0.166155350,2.62336090,-2.4291058 
80,-5.7089740,-9.6354650,-8.1983450,-0.094378680,3.06715440,-1.6517797 
90,-0.903811160,-10.0041710,-4.1288010,0.096822140,2.56746670,-0.28924468 
100,-1.78846870,-10.5548380,-6.46973130,-1.30450270,0.67744960,-0.37690386 
110,-0.0748188050,-3.37402870,-4.1724950,-1.70034340,-0.281608880,-0.095294975 
120,2.11767150,-8.2737630,-9.162610,0.846353770,0.55802540,0.4370741 
130,1.07200380,-9.5624420,-5.6934120,0.260534020,-0.236404850,0.37843102 
140,-0.421978060,-9.7455980,-13.3799960,0.791681350,-0.51129420,0.90010995 
150,-0.73861120,-9.7066930,-5.11401460,1.0448850,0.983493030,0.35827246 
160,-1.50714990,-8.9249850,-4.93385120,0.0045814890,-0.0647517140,-0.48349985 
170,-2.22541050,-10.0706110,-4.48374130,0.69638640,-0.197614910,-0.16615535 
180,-2.67133050,-7.9894510,-4.78181930,0.104152520,-0.063529980,3.467882 
190,-2.16256260,-6.91325760,-4.5549690,-0.094684120,-0.68142020,-0.10140363 
200,-3.29681560,-11.7872530,-4.2353430,1.67071640,-0.667981150,-1.1050552 
210,-7.69077440,-8.2198930,-2.98736520,-0.287106660,0.068416910,-2.293188 
220,-2.55162050,-11.4329120,-1.94528890,0.63652160,0.72815140,-1.0965031 
230,-1.07379950,-11.5310740,-2.33554390,0.383317950,0.3445280,-0.02443461 
240,-1.18333420,-9.1883480,-2.34152940,-0.268475260,0.207694190,1.9071213 
250,-2.1900960,-9.393650,-1.73459910,0.0818559450,-0.0806342140,-0.34055737 
260,-1.79984120,-9.1009590,-2.8610710,-0.298713120,-0.142942470,-0.030848695 
270,-2.01531930,-9.170990,-2.18411040,0.155159770,0.078801620,-0.14508049 
280,-1.82917010,-5.80294660,-2.0195090,0.52228980,-0.28649580,-0.172264 
290,-0.21128830,-10.5135380,-1.34314720,0.259006860,-0.509767060,-1.2858714 
300,-0.492008450,-9.5983540,-2.13742350,-0.28374690,0.34910950,0.3323107 
310,-2.81498270,-7.60817430,-1.82318460,-0.0192422550,0.8909470,0.7877107 
320,-1.05823720,-11.7130340,-2.88980150,0.476780330,0.634383560,-1.187522 
330,0.0550666380,-9.5959610,-1.99915840,0.0775798860,-0.309708680,-1.7913623 
340,3.15495920,-11.9033730,-1.39821370,0.123089340,-0.51373770,-1.171945 
350,1.70407310,-10.0813850,-2.32955840,-0.191811680,-0.216246290,0.87017757 
360,0.98042560,-9.07941150,-3.1938650,0.226020140,-0.082772240,-0.06811147 
370,1.56939920,-9.819220,-1.87825120,0.0091629780,0.096211280,-0.01038471 
380,0.524928750,-9.6468370,-2.62763640,0.0195476880,-0.0482583530,0.029626964 
390,1.16418050,-9.46966650,-2.50134230,0.068722340,-0.214719130,-0.069027774 
400,1.54426010,-9.46966650,-2.0596120,0.0366519130,-0.137139250,-0.071776666 
410,1.7268180,-9.5109660,-2.14700030,0.005803220,-0.0934623850,-0.016798794 
420,1.41916310,-9.6210990,-2.02729030,0.0192422550,-0.005803220,-0.004886922 
430,1.76871650,-9.4822360,-2.1236570,0.081550510,-0.187841060,-0.10629055 
440,2.31878420,-10.6518030,-2.01292510,0.0470366250,0.0280998010,0.48197266 
450,2.403180,-9.4792430,-2.02669170,0.0647517140,-0.15180,-0.1414153 
460,0.69371990,-8.0139910,-1.69210210,-0.0152716310,-0.340251950,-0.61422503 
470,1.21745160,-10.9085820,-2.08953950,0.362548530,-0.53908860,-0.3304781 
480,2.67911170,-8.0840220,-2.2355860,0.082466810,0.134084930,0.036957346 
490,1.98539170,-8.7119020,-1.75674550,0.102930790,0.096822140,0.035430185 
500,2.47680160,-9.5271270,-1.78128610,-0.124616510,0.1609630,-0.2611449 
510,2.17992070,-10.3285870,-1.58137020,0.00152716310,0.063529980,-0.07452556 
520,2.44687410,-11.4035830,-2.04704240,-0.0748309940,0.330172660,-0.41263947 
530,3.1459810,-9.2745390,-1.94349320,-0.026878070,0.0534507070,0.01160644 
540,1.27371530,-9.3140430,-2.35170460,-0.0088575460,0.109344880,-0.07941248 
550,2.6533740,-9.6402530,-2.1781250,-0.065362580,-0.0250454750,0.07727446 
560,3.22319410,-9.7156710,-2.46782350,-0.118813290,-0.0467311930,0.106901415 
570,2.6066870,-9.3703070,-2.06499890,-0.005803220,0.094684120,0.012217305 
580,2.6336220,-9.6444430,-1.65798470,0.0369573460,0.020769420,0.045814894 
590,3.07475350,-9.6055370,-1.8692730,0.076969020,0.135917510,0.027183503 
600,2.20924970,-9.6264870,-2.03626850,-0.0387899430,0.284968640,0.017104227 
610,2.22660760,-9.5720190,-2.13862060,0.0149661980,0.0342084540,-0.015882496 
620,2.5815480,-9.5151560,-1.63583830,-0.0345138870,0.024434610,0.010995574 
630,2.12305830,-9.8359790,-1.86987150,-0.050090950,0.0412334050,-0.03726278 
640,2.33554390,-9.530120,-2.05362650,-0.0247400420,0.1038470940,-3.0543262E-4 
650,2.39001180,-9.6091290,-1.64361940,-0.081245080,0.0177150930,0.064446285 
660,2.35828880,-9.5103670,-1.94828160,0.0097738440,0.0305432620,-0.015577064 
670,2.0877440,-9.6839480,-1.81959330,-0.0299323960,-0.0171042270,-0.01740966 
680,2.20505980,-9.5157550,-2.06559750,0.0091629780,-0.0555887370,-0.005497787 
690,2.27808280,-9.5666310,-1.99796130,-0.0073303830,-0.01435533350,-0.02443461 
700,2.46423220,-9.517550,-1.9051860,0.0201585530,0.00335975880,-0.03176499 
710,2.49954650,-9.5067770,-1.99077870,0.046425760,-0.0039706240,-0.014660766 
720,2.18291330,-9.480440,-2.00873520,0.0235183130,0.11331550,-0.040011674 
730,2.18710330,-9.5319160,-1.95366860,0.0180205260,0.0082466810,-0.020158553 
740,2.55102180,-9.4636810,-1.91835420,0.0390953760,0.00274889360,-0.007330383 
750,2.05302790,-9.5055790,-2.06021050,0.061697390,0.0733038260,-0.05497787 
760,1.62326870,-9.112930,-1.83575420,0.0702495050,0.091018920,-0.022907447 
770,1.99257430,-9.9868140,-2.0584150,-0.438601260,0.192422550,0.011911872 
780,1.91835420,-10.017340,-2.11886860,-0.034819320,-0.107206850,-0.14813483 
790,1.68731370,-9.7461970,-2.6946740,-0.0387899430,0.237932010,-0.2489276 
800,1.43173270,-10.5099470,-2.58753350,0.55038960,-0.076969020,-0.4615087 
810,1.52450790,-8.650250,-2.91613770,0.97555180,-0.209221350,-0.6612616 
820,5.30495260,-8.2468280,-1.75135850,0.61789020,-0.181121540,-0.87017757 
830,5.5569420,-6.97191520,-0.425569360,-0.452040280,2.50179860,-0.9978484 
840,7.39688630,-14.1275850,-3.05320570,-0.866206940,3.78614280,-0.89369583 
850,-4.41670370,-8.3575590,-15.3899290,0.313068450,-0.523206060,-0.086132 
860,1.750760,-2.12664960,-6.04116960,-0.795346560,-5.88263230,1.8084666 
870,-8.5574750,-18.9207780,-8.5179710,-2.81181260,-5.3450710,4.0039163 
880,9.1302880,3.06278250,-0.509964940,1.33229710,-0.81703230,0.21685717 
890,1.5017630,-3.17411280,1.39701660,0.30512720,3.61387870,-0.9947941 
900,-2.13083960,-19.6085110,-1.92733240,1.94377320,1.71866940,-0.91751957 
910,0.612915640,-10.3291850,-14.6776530,2.52714940,5.0390270,-1.6022996 
920,-1.68192670,7.47649340,-9.2266550,-1.01464710,-5.4770180,-1.7348573 
930,0.51176060,-19.6085110,-13.4374570,-0.69272120,-8.6761190,7.4253726 
940,13.2435260,9.5073750,-8.927380,2.84693740,-5.32063630,2.5934284 
950,3.34110860,-0.68055180,2.22660760,-1.07817720,3.15175910,-1.5467108 
960,16.1273420,-19.485810,-19.2685360,0.178067220,6.7204340,-2.7049112 
970,6.9964560,-19.6085110,-18.2515980,2.17498560,8.853270,-5.1795263 
980,-2.89099860,6.9294180,-12.1715230,0.430660,-1.97065130,-2.1105394 
990,-4.9500120,-6.5134260,-6.6660560,-1.31274940,-5.9150080,0.38789943 
1000,-7.90744970,-19.5013710,19.6085110,-3.69817830,0.248622150,3.1884112 
1010,17.8445840,19.431940,-6.4080810,2.92970970,-1.33382430,-0.84574294 
1020,-8.7573910,-15.8148990,-9.2853130,1.10963670,5.5151970,-0.71837753 
1030,3.8887820,-19.6085110,-6.24647240,-0.593150140,2.36893530,-2.3484714 
1040,1.9051860,0.880467650,-17.8942640,5.10347370,5.153870,-0.64476824 
1050,-9.68454550,4.273650,-8.7502090,-2.10259820,-3.0506610,-2.3225098 
1060,-4.11443570,-16.3416230,-19.4905970,-1.03633280,-8.2497350,3.613268 
1070,-1.16537770,-8.73704050,0.167594120,-2.67558980,-2.31548480,2.5024095 
1080,12.4061550,6.21953730,-2.05781630,1.16369830,0.92301740,-1.5387696 
1090,18.0385150,-12.2828530,2.40078570,-0.05711590,2.04334430,-0.121256754 
1100,1.54665430,-19.6085110,-19.6085110,4.7250430,6.67706250,-3.0173688 
1110,3.10108970,3.41113880,-7.09401940,-0.275500240,-2.6135870,-1.2654073 
1120,-9.4780460,-6.67443560,-5.94420430,-1.86436070,-5.06957050,0.65301496 
1130,15.3719720,-19.6085110,-14.3699990,1.29869950,-3.87716170,7.6535306 
1140,19.378070,14.1365640,-5.985504E-40,2.1807890,-2.69208310,-1.0180069 
1150,-3.77326180,-11.7435590,-7.87033940,1.18813290,5.47823950,-0.6560693 
1160,-2.80301170,-19.6085110,-3.69006350,3.8215730,-1.96179380,-0.22479841 
1170,-10.665570,10.4315370,-19.295470,5.02864270,5.69692950,0.4636467 
1180,-0.0622492430,4.958990,-6.7031660,-1.14598320,-3.5060610,-2.0308216 
1190,17.574040,-19.6085110,-19.6085110,-2.70888190,-8.5102690,7.272656 
1200,19.1907230,3.19087240,6.9814920,2.4089470,-6.98341130,0.18509217 
1210,3.10288550,-6.115390,4.7590740,0.61055980,3.28126260,-1.2950343 
1220,6.68700550,-19.6085110,-19.6085110,0.61025440,9.7335270,-2.8722885 
1230,-7.1012020,3.05739550,-19.3912370,4.6996920,8.3267040,-0.46395215 
1240,-2.58513930,0.67815760,-9.2188740,-1.14109620,-3.20368270,-3.140458 
1250,-1.8160020,-6.7073560,-10.1526130,-1.23058810,-8.0515090,3.55829 
1260,-10.7272210,-9.6055370,11.7974290,-7.23814250,-7.04816340,2.5622742 
1270,17.503410,12.9256960,-3.25012870,0.809701860,-0.39797870,-1.6175711 
1280,18.8890550,1.2527660,19.6085110,1.37017070,1.88635180,0.1001819 
1290,19.3212070,-19.2038920,-16.169240,8.232020,5.91012140,0.27366763 
1300,5.18643950,6.15249970,-4.27005860,1.02136670,-2.69910810,-0.7461719 
1310,-12.4013660,-6.6217630,-5.8101290,-2.280360,-3.58822250,-0.12522738 
1320,-5.63475370,-19.6085110,14.7273330,-1.2171490,-2.99568320,6.825808 
1330,19.6079140,17.9840470,-6.9563530,2.16063050,-4.1428880,-0.3323107 
1340,-9.2332390,-14.3885540,-8.96029950,1.64475460,4.71649070,-0.4709771 
1350,17.0383360,-19.6085110,-18.2510,4.5750750,-0.526565850,-1.1010846 
1360,-12.114660,0.83677350,-14.1449430,3.254690,2.32464770,0.21563543 
1370,-8.7172880,-0.828992370,-6.18482160,-1.46393860,-2.27852730,-0.86437434 
1380,19.6079140,-19.6085110,-19.6085110,-2.23423960,-9.52644350,9.973597 
1390,19.6079140,11.60290,-3.04841730,0.27702740,-5.3627860,0.05467244 
1400,-0.908599560,-11.06959150,-4.09228940,2.36465930,3.96543170,-1.3967434 
1410,19.6079140,-19.6085110,1.49817170,0.410501450,4.99687770,-0.20647246 
1420,8.708310,0.906205360,-9.4032270,3.70398140,7.75646160,-2.3289237 
1430,0.114323130,0.959476350,-8.8393930,-0.68355820,-0.172569440,-1.3726143 
1440,-0.0359130240,-3.36385350,-6.1614780,-1.78800260,-4.73176240,2.0222695 
1450,-19.609110,-11.98537350,9.7970730,-6.774190,-1.27090510,0.9315695 
1460,11.2934490,8.6406740,7.90086560,-0.307265220,-1.04091440,-2.162463 
1470,-0.460285280,-5.90649560,-4.3011830,0.917214160,0.259617720,1.557401 
1480,-2.56119730,-12.6701150,-11.074380,3.09036730,-0.228769030,-3.794695 
1490,-5.0948610,-4.1988310,-10.5350860,4.2445970,6.7699140,-1.2296717 
1500,-9.6887360,3.82533570,-5.25826550,-1.26174210,1.59008230,2.2192733 
1510,11.3850280,-19.6085110,-16.6851920,-4.45168070,-2.99171260,0.27916542 
1520,-19.5618250,-14.3209170,0.63745620,-5.70884130,-2.937040,-1.0995574 
1530,12.9370690,15.893310,5.4120930,-1.01861770,-0.133474050,-1.4776831 
1540,-0.93673140,-5.1134160,9.517550,0.57085360,-1.00212440,0.75441855 
1550,2.90835640,-1.99018010,14.7153630,-2.1279490,7.24944350,-2.466063 
1560,-6.9192430,-9.686940,-7.06469060,0.668592040,5.3007830,-3.0906727 
1570,-1.78667310,4.0270470,-5.85980840,2.68261480,1.58763870,-2.6013696 
1580,-1.68072960,-14.319720,-10.5147350,-0.73028940,0.445015340,2.830444 
1590,-19.5570370,-19.6085110,1.29107330,-4.4861940,0.64537910,-0.20097467 
1600,2.1356280,-1.74178170,-5.30495260,1.91628430,-3.89823650,-0.5174029 
1610,-11.19708250,-9.3930520,-6.1213750,0.397673280,-0.275500240,-1.4807373 
1620,0.780509770,-15.9076750,-12.2894370,-1.44713970,-1.15117550,0.9108001 
1630,-0.070628950,-19.6085110,-0.77811560,1.05893490,-1.88818440,-0.2098322 
1640,-4.8925510,-8.8591450,-5.02842240,1.21409460,-0.1065959860,-0.9819659 
1650,-2.9155390,-7.83682060,-5.4031150,0.485332430,0.508545340,-1.455081 
1660,-2.35888720,-7.4172370,-4.37660070,0.78312920,0.65545840,-0.5015204 
1670,1.42095880,-8.4186120,-4.63936420,0.35857790,-0.0632245540,-0.22907446 
1680,0.608127240,-11.4323130,-0.28610710,0.597731650,0.25076020,0.32528573 
1690,0.056862290,-9.6935240,-1.65020350,0.64293570,0.486248730,0.01282817 
1700,-1.34673850,-9.7408090,-1.56999780,0.560774270,0.80114980,0.24678956 
1710,-1.56101950,-9.70848750,-1.77170920,0.256257980,0.42974370,0.033292156 
1720,-0.782903970,-9.5067770,-1.55204130,0.20983220,0.419053550,0.129198 
1730,-1.56520940,-9.8341840,-1.28269350,0.033597590,0.410806860,0.18325958 
1740,-1.2288240,-9.5343090,-1.59034850,-0.0177150930,0.33689220,0.13316862 
1750,-1.82498030,-9.9401270,-1.74357740,-0.00274889360,0.682336450,0.22082779 
1760,-2.07637140,-9.3852710,-2.43011470,0.0354301850,0.286190360,0.076052725 
1770,-2.50912330,-9.5211420,-2.36666850,-0.0528398450,0.120951320,-0.0125227375 
1780,-1.49877020,-9.4277680,-2.13742350,-0.076969020,-0.192727980,-0.056505036 
1790,-1.548450,-9.9425210,-1.87226570,-0.144469630,-0.0705549340,-9.162979E-4 
1800,-1.47303260,-9.6402530,-2.1236570,-0.0189368220,-0.0320704240,-0.046731193 
1810,-1.41916310,-9.2158810,-2.04943660,0.0094684110,0.206472460,-0.03023783 
1820,-1.47422970,-9.5624420,-2.53067110,0.0088575460,0.307570640,0.113926366 
1830,-2.17872360,-9.1805670,-2.50792620,0.071471240,0.20128010,0.06291912 
1840,-2.06200620,-8.0301520,-2.63422040,-0.0555887370,-0.072692960,0.09315695 
1850,-1.7268180,-9.8587240,-2.25114820,0.0048869220,-0.01435533350,0.17379116 
1860,-2.15298580,-9.2027130,-2.24935250,0.083993970,0.189062790,0.3136793 
1870,-4.45441250,-1.94588740,-5.3414640,0.030237830,0.97188660,-0.20861048 
1880,-2.49415970,-9.4415340,-2.8143840,-0.034819320,0.0082466810,-0.070249505 
1890,-2.6348190,-9.3517520,-2.43011470,0.317649930,0.525649550,-0.01282817 
1900,-2.80839850,-11.0719860,-1.81899480,0.40836340,0.129503430,-0.40194935 
1910,-3.43807360,-12.1960630,-2.68868850,-0.104457960,-0.48227810,-0.040927973 
1920,-1.61309340,-11.420940,-2.18650460,-0.538783130,-0.507323560,-0.1142318 
1930,-2.10929180,-10.6643720,-2.02609320,-0.270918730,-0.58429260,-0.28680122 
1940,-3.85466480,-9.38227750,-3.15855050,-0.79687370,-1.00548420,0.08979719 
1950,-4.79259350,-5.76164630,-1.11390230,-0.98776910,-4.98832560,1.0204504 
1960,-7.742250,-6.5439520,-2.00155260,0.76724670,-5.71739340,1.3271047 
1970,-3.36026220,-7.3795280,2.12126280,-0.0965167060,-3.96665360,1.2608259 
1980,-3.67689510,-7.31488470,2.47141480,0.1139263660,-1.14262340,0.5546656 
1990,-4.4041340,-6.8456210,3.46500850,-0.0183259570,-0.313373860,0.408058 




