time,x-accel,y-accel,z-accel,x-gyro,y-gyro,z-gyro#
0,0.0,0.0,0.0,0.0,0.0,0.0#
1,-4.485537,-8.500014,0.6739678,0.019547688,0.004276057,-0.07544186#
2,-4.460996,-8.483255,0.7224504,0.031154128,-0.021685716,-0.018020526#
3,-4.3688197,-8.641273,0.57041854,-0.006414085,-0.042760566,-0.014049901#
4,-4.1132383,-8.200739,1.5448587,-0.14110987,-0.129198,-0.29168814#
5,-3.697246,-8.128913,0.6793547,6.1086525E-4,-0.049785517,-0.33017266#
6,-2.938284,-8.677185,0.92416185,-0.19028452,-0.21380283,-1.282817#
7,0.078410104,-7.678205,1.0067618,-0.19822577,-0.39400807,-2.250122#
8,0.13108255,-10.85531,0.5021838,0.24281894,-0.2666427,-1.2675453#
9,2.098518,-14.188039,-0.033518825,-0.27152961,0.19639318,-1.1178834#
10,3.3620577,-13.907319,1.5035586,9.162979E-4,-0.6041457,-0.8011498#
11,2.5210943,-7.7159133,-0.3309984,-0.44532076,0.37965274,1.0937542#
12,2.902371,-9.490017,-0.5781997,-0.16737708,-0.2602286,0.054061573#
13,2.4863784,-9.576807,-0.5315128,-0.12614368,-0.18417588,-0.0018325958#
14,2.1404164,-9.91439,-0.61650693,-0.02107485,0.063224554,-0.016493361#
15,2.6443958,-9.188348,-0.9020155,-0.008857546,0.014660766,-0.0067195175#
16,2.4690206,-9.340978,-1.1402385,-0.12095132,-0.08246681,-0.052839845#
17,2.4432828,-9.629479,-0.25677812,-0.118507855,-0.04520403,-0.05100725#
18,2.2756886,-9.624092,-0.5955577,-0.07422013,-0.022907447,-0.01740966#
19,2.4301147,-9.214086,-0.8822633,-0.08246681,-0.02321288,-0.080634214#
20,2.1763294,-9.257779,-0.65900403,-0.22204952,-0.016798794,-0.172264#
21,1.7585411,-9.464878,-0.5398925,-0.33658674,-0.16279559,-0.2678644#
22,2.678513,-9.256582,-1.127669,-0.47647488,-0.18325958,-0.31612277#
23,2.1086931,-9.100959,-0.50158525,-0.6068946,-0.19150625,-0.39003745#
24,-0.62728083,-11.8896055,5.2343235,0.26542094,-0.23243423,-0.09437868#
25,4.6285906,-16.370953,10.797251,3.1380148,0.27885997,0.9993755#
26,-9.160814,-19.608511,2.1877017,6.5710773,-2.6832256,2.3704627#
27,9.044097,9.551667,-0.66738373,3.1987958,-3.8276815,1.2229522#
28,8.99322,1.489792,-8.625112,-4.35944,3.3405166,-0.87995136#
29,19.607914,-19.608511,-5.5042696,-7.8496184,5.772982,-0.014660766#
30,-7.1233487,-19.608511,-2.4091654,-3.6318994,-2.2369885,-2.7183504#
31,-5.9597664,-11.5155115,6.986879,-2.758362,-0.9618073,-1.3289373#
32,2.6258407,1.1079168,3.4386723,3.5185838,-0.0012217305,2.346639#
33,10.78109,-19.608511,19.411589,9.959547,-4.0613375,3.5414913#
34,3.5739446,12.704233,-9.057863,4.252538,-7.6507816,-0.3286455#
35,5.6527104,2.825158,-7.268198,-5.1007247,2.9743028,-1.6649132#
36,19.37388,-19.608511,-17.277756,-7.642535,5.3667564,-1.9110919#
37,3.0310593,-19.608511,19.012955,-5.5249705,1.9352211,-1.9123137#
38,-15.71554,-19.5313,13.174095,-1.6899587,-1.4865406,-0.4184427#
39,2.1254525,-1.8339585,1.2551602,5.031697,-3.6276233,1.7699821#
40,19.605518,-19.608511,-0.94810385,10.011471,-0.88453287,5.978538#
41,6.549339,7.023989,-13.517064,0.17654006,-3.234226,0.8756753#
42,8.307879,-3.4596214,-12.483368,-6.7549477,6.194174,-2.3628268#
43,16.381128,-19.608511,-19.069817,-2.5497515,7.742106,-0.47494772#
44,-1.7405846,-9.546879,1.7369933,-6.478837,-2.4049764,-1.8802432#
45,-19.60911,-7.1047935,-8.082227,0.9795224,2.930015,0.30848694#
46,0.84814596,-11.385028,4.3646297,5.635537,-1.3014483,0.23671028#
47,-2.7365725,-11.225215,-19.608511,9.565845,2.269059,3.8838813#
48,17.578827,4.1904516,-6.0770826,-3.4003813,0.5751296,-0.96852684#
49,1.0947487,-19.608511,1.745373,-5.86003,3.14168,-3.0714304#
50,-4.3460746,-14.49749,7.430405,-4.902499,-1.1355985,-4.137085#
51,16.154877,-19.608511,19.608511,-2.640465,-2.0769417,-2.2876904#
52,-5.6521115,-5.3085437,4.498705,2.0744984,-0.9819659,0.6753115#
53,-4.140772,-19.608511,10.470443,7.672162,0.47800204,1.2232577#
54,-5.6509147,19.608511,-19.608511,9.669386,-6.9079695,4.07722#
55,8.9279785,2.7665,-10.140641,-4.742452,1.9193386,-2.2107213#
56,1.7525556,-6.129156,12.583325,-3.8799107,2.5411994,-2.4569001#
57,-9.178771,-3.8385038,-8.240842,-7.7286673,3.9675698,-2.701246#
58,7.313089,-17.017387,12.030265,-1.9407189,-4.5017715,0.5833763#
59,-6.7318964,-11.410167,7.281366,2.6267207,-0.29871312,0.8249735#
60,19.607914,-19.608511,12.388198,10.011776,-3.2039883,3.9061778#
61,4.27365,3.870227,-17.055096,4.4593163,-6.8872004,1.9495764#
62,9.822212,-7.5267715,0.02873042,-7.0774846,6.112623,-1.8512272#
63,19.607914,-17.671602,-4.299388,-6.6917233,7.0081515,1.7901406#
64,0.36152446,-7.4106526,8.930372,-6.5069366,-2.1389446,-1.6459764#
65,-9.086594,-3.630807,4.5124717,0.14844026,0.6404922,0.40408736#
66,-0.9816227,-9.981427,6.232107,5.206099,-0.84299403,1.0323622#
67,-18.42398,4.255095,-19.608511,9.40702,3.4779613,2.8857274#
68,12.149377,11.015123,-12.219407,-0.41172317,-3.844786,1.4520267#
69,-13.775638,-17.088615,-7.7727757,-3.4162638,2.860682,-3.8240163#
70,-12.188282,-18.950106,-14.30775,-5.562539,3.5992181,-4.0216312#
71,-1.2808979,-9.634866,-0.9115923,-0.3100141,-1.8625281,-0.22235495#
72,-12.221801,-9.349358,5.1996074,1.9382755,0.27488935,0.4605924#
73,18.918982,-19.608511,5.9005103,-9.992839,1.2339478,4.7491717#
74,4.257489,2.9352913,-19.608511,4.992296,-6.543283,2.506991#
75,6.303933,-0.28072014,-8.209119,-7.9794273,3.696651,-1.2351695#
76,13.851654,-8.210915,12.173319,-8.803179,8.246681,0.17440203#
77,16.919823,-19.608511,14.618397,-6.2265496,-3.9895608,-3.7598755#
78,-3.5553896,-1.0109516,2.771887,-0.45723262,1.9315559,0.61575216#
79,1.7142484,-12.8772135,7.5094137,4.329813,-0.5421429,1.5460999#
80,-0.22385786,-19.608511,-19.608511,9.482156,1.1148291,3.1710014#
81,11.177331,11.883021,-16.564882,-0.9245446,-4.0549235,1.4132367#
82,2.6737247,-19.413385,11.552622,-3.5558467,2.6844473,-3.746742#
83,-6.9132576,-2.8820202,-1.0648212,-7.2042394,1.7342464,-3.7360518#
84,-9.966463,-16.694769,6.9318123,-3.6593883,-0.38240165,-1.4688255#
85,-11.300632,-6.8162923,2.5881321,2.0393736,0.12644911,0.42271876#
86,-2.7060466,-19.608511,15.428834,8.691696,1.1420126,1.6114625#
87,-2.5330653,19.608511,-19.608511,8.261647,-7.2072935,3.4599407#
88,6.5966244,14.696807,-17.125725,-5.147456,1.1795808,0.07849618#
89,-17.865534,-6.5098343,-9.296086,-3.442531,0.88025683,-3.2925637#
90,-1.6394296,-19.608511,-4.548983,-1.2748758,1.0259482,-4.8878384#
91,4.1335893,-3.6553473,-0.16340427,-2.2299635,-2.0821342,-0.6450737#
92,-5.490503,-0.623091,-1.3808558,1.5198327,0.9660834,-0.8738427#
93,19.607914,-19.608511,11.036672,7.8117447,-0.698219,2.6053402#
94,-7.1993647,5.607819,-17.654844,4.6593747,0.77946407,7.5389934#
95,12.931682,13.491925,-15.163078,-3.0411925,0.50518554,0.37782016#
96,14.554951,-19.608511,-17.413029,1.2363913,4.5604143,0.8756753#
97,3.7229836,-19.608511,18.751986,-2.2479842,-5.7473254,-5.168836#
98,-3.9965212,0.04369418,8.061277,-2.9388726,0.073303826,0.15271631#
99,9.832388,-19.608511,2.6084828,4.8243084,1.9101756,0.5934556#
100,-6.5241995,0.089782566,-9.533113,1.4437801,4.6346345,2.6780334#
101,4.5196543,-2.3068132,14.876971,-2.3038783,0.42332962,-0.9306532#
102,-1.6651673,-16.43859,-19.608511,4.478864,0.39492437,0.9450085#
103,19.181746,-19.608511,-0.89064306,0.1731803,0.5345071,-1.7577647#
104,0.88405895,-15.573085,6.5020533,-3.385415,-0.53969944,-0.840856#
105,0.08200141,-3.3871968,-0.050876785,-1.2394456,1.9566014,-1.6181821#
106,17.666815,-6.96593,0.56563014,1.6041322,0.5561928,0.7284568#
107,6.9605427,-13.002311,-1.8614918,1.9141463,-0.3857614,1.4874569#
108,0.36272156,1.3335704,-1.9387048,0.33658674,-1.1557571,1.278541#
109,2.717419,-7.08983,6.742072,-1.171945,-1.0106765,-0.42149702#
110,3.0825348,-10.313024,2.534861,-0.5155703,0.7620544,0.0030543262#
111,6.8450227,-8.826823,-8.030751,0.6246097,-0.17654006,0.79504114#
112,1.5245079,-8.871116,-2.099715,-1.2092078,-0.9279043,0.7134906#
113,3.9989154,-7.615357,1.6214731,1.0235047,0.1704314,-0.06841691#
114,0.6937199,-7.2909427,-1.567005,-0.28313604,-0.38789943,-0.031154128#
115,1.7687165,-2.030283,-0.05327099,0.0061086523,1.2275337,-0.30787608#
116,2.6150668,-9.362526,-0.83138657,-0.20525073,0.6646214,0.070249505#
117,4.0737343,-7.5531077,0.6302736,0.4633413,-1.1542299,0.8350528#
118,2.4073699,-9.190144,1.7585411,-0.3820962,0.5552765,-0.20738874#
119,4.068946,-9.599552,1.2802993,-0.25045475,0.30818152,-0.6948592#
120,2.954445,-10.483611,0.8403648,0.29535335,-0.5882632,0.23548855#
121,3.1561563,-9.483433,0.107140526,0.0693332,0.9098838,1.1633929#
122,0.6560113,-9.118916,3.4524388,-1.1621711,3.0964758,0.95203346#
123,1.5131354,-9.108741,-1.2084733,0.25045475,-2.1691825,0.6914995#
124,-5.21517,-8.987235,0.6703765,1.1633929,-1.0488557,0.31978795#
125,-2.0272903,-7.231686,-0.36750996,1.4306464,0.67164636,1.1545353#
126,-2.6868927,-7.0365586,2.7132292,0.18753563,-0.03848451,0.49877146#
127,-2.9562407,-8.024766,2.938284,0.45998153,0.52839845,0.0842994#
128,-3.5853171,-8.027759,3.3506854,0.18081611,0.34422258,-0.0290161#
129,-4.381389,-8.162432,3.1591492,0.30604348,0.48441613,-0.11759156#






